cam0:
  T_cam_imu:
  - [0.0233983851469918, -0.9995905188236665, -0.016471498120859296, 0.1410693736067476]
  - [0.01363012364129873, 0.01679344446833589, -0.9997660726151948, 0.05787631536819682]
  - [0.9996333004167253, 0.023168403068000942, 0.014017481843851293, -0.07864021630967041]
  - [0.0, 0.0, 0.0, 1.0]
  cam_overlaps: [1]
  camera_model: omni
  distortion_coeffs: [-0.03220018482529265, 0.14077098303839364, -0.0018232871221977444,
    -0.00400905704406546]
  distortion_model: radtan
  intrinsics: [1.7629642324373116, 1587.4266960477696, 1586.8030082522798, 1017.6949753688518,
    760.3134004928796]
  resolution: [2048, 1536]
  rostopic: /left_camera/image_raw
  timeshift_cam_imu: -0.06179381690936147
cam1:
  T_cam_imu:
  - [0.003867354588573846, -0.9999566404565203, -0.008471173200697457, -0.20900459968126142]
  - [0.028870239350240468, 0.008579353694711467, -0.9995463490854446, 0.05777477550334589]
  - [0.9995756864031591, 0.0036210353617463498, 0.0289021669527203, -0.07825545706754138]
  - [0.0, 0.0, 0.0, 1.0]
  T_cn_cnm1:
  - [0.9997771998007229, -0.008270812229738798, -0.019420206581899815, -0.35109106811287727]
  - [0.008563702179406907, 0.9998501096537545, 0.01504729976957056, -0.00011761795734922475]
  - [0.019292842289452404, -0.015210256093613282, 0.9996981716227948, -0.0014802922051045059]
  - [0.0, 0.0, 0.0, 1.0]
  cam_overlaps: [0]
  camera_model: omni
  distortion_coeffs: [-0.08705635375763175, 0.06815721733481407, -0.004948569778056153,
    0.0009610647555117601]
  distortion_model: radtan
  intrinsics: [1.6985203542014227, 1556.2167012480209, 1555.8090917476443, 1021.2511487364894,
    777.3856479682428]
  resolution: [2048, 1536]
  rostopic: /right_camera/image_raw
  timeshift_cam_imu: -0.059724605321045184
