cam0:
  cam_overlaps: [1]
  camera_model: omni
  distortion_coeffs: [-0.44985216068945455, 0.19206780414420876, 0.0022614707638492653,
    -0.0016983510127098252]
  distortion_model: radtan
  intrinsics: [1.082113835407464, 1267.7260427626015, 1268.1213043198047, 1023.9219540385594,
    761.6794550460431]
  resolution: [2048, 1536]
  rostopic: /left_camera/image_raw
cam1:
  T_cn_cnm1:
  - [0.9999187602253534, -0.0076285402651594504, -0.010211675808539445, -0.35663473618885116]
  - [0.007940156490385784, 0.9994930666857761, 0.030831210841850535, -0.0008905651335923749]
  - [0.009971302036547348, -0.030909788425178494, 0.9994724398977745, -0.020465196674977024]
  - [0.0, 0.0, 0.0, 1.0]
  cam_overlaps: [0]
  camera_model: omni
  distortion_coeffs: [-0.37389202835366625, 0.1451300502612394, -0.000972963030874793,
    -0.0030498944969626278]
  distortion_model: radtan
  intrinsics: [1.1332508265003387, 1276.3822819408854, 1277.3205049935227, 1024.1321730127122,
    766.2652281416888]
  resolution: [2048, 1536]
  rostopic: /right_camera/image_raw
